1
2
3
4
5
6
7
8
9
10
11
12
13
14
15
16
17
18
19
20
21
22
23
24
25
26
27
28
29
30
31
32
33
34
35
36
37
38
39
40
41
42
43
44
45
46
47
48
49
50
51
52
53
54
55
56
57
58
59
60
61
62
63
64
65
67
68
69
70
72
73
74
75
76
77
78
79
80
82
83
85
86
87
88
90
91
93
94
95
97
98
101
102
104
108
111
112
115
121
124
125
133
134
135
138
139
142
144
151
152
155
156
158
168
171
176
180
184
192
196
197
200
201
202
203
205
206
210
212
214
223
226
227
230
242
247
248
312
322
326
338
341
352
356
367
376
378
380
382
388
390
404
405
417
419
420
425
430
433
438
451
456
457
458
459
476
480
488
493
500
501
502
503
504
505
506
507
508
509
510
511
512
513
514
515
516
517
518
519
520
521
522
523
524
525
526
527
528
529
530
531
532
533
534
535
536
537
538
539
540
541
542
543
544
545
546
547
548
549
550
551
552
553
554
555
556
557
558
559
560
561
562
